1 0.4 0.27
2 0.2 0.14
3 0.47 0.78
4 0.2 1.0
5 0.13 0.4
6 0.07 0.2
7 0.27 0.8
8 0.33 0.42
9 0.07 0.25
10 0.2 0.33
11 0.27 0.8
12 0.13 0.4
13 0.07 0.33
14 0.07 0.5
15 0.07 0.33
16 0.13 0.5
17 0.13 0.67
18 0.2 0.75
19 0.0 0.0
20 0.47 0.7
21 0.2 0.6
22 0.0 0.0
23 0.27 0.13
24 0.07 0.25
25 0.13 0.2
26 0.13 0.29
27 0.13 0.5
28 0.0 0.0
29 0.2 0.43
30 0.13 0.29
31 0.0 0.0
32 0.0 0.0
33 0.13 0.67
34 0.27 0.57
35 0.07 0.25
36 0.0 0.0
37 0.33 0.5
38 0.07 0.11
39 0.13 0.15
40 0.0 0.0
41 0.13 0.5
42 0.2 0.6
43 0.27 0.57
44 0.0 0.0
45 0.2 0.27
46 0.27 0.5
47 0.27 0.29
48 0.2 0.43
49 0.13 1.0
50 0.2 1.0
51 0.2 0.38
52 0.07 0.25
53 0.07 0.33
54 0.07 0.13
55 0.07 0.11
56 0.2 0.75
57 0.13 0.4
58 0.13 0.4
59 0.07 0.2
60 0.13 0.5
61 0.2 0.6
62 0.07 0.17
63 0.0 0.0
64 0.0 0.0
65 0.47 0.47
66 0.2 0.5
67 0.47 0.47
68 0.13 0.33
69 0.07 0.2
70 0.33 0.5
71 0.07 0.13
72 0.07 0.11
73 0.33 0.33
74 0.07 0.25
75 0.07 0.17
76 0.2 0.38
77 0.2 0.6
78 0.2 0.75
79 0.07 0.33
80 0.0 0.0
81 0.07 0.5
82 0.2 0.5
83 0.13 0.4
84 0.0 0.0
85 0.0 0.0
86 0.13 0.67
87 0.0 0.0
88 0.33 0.83
89 0.2 0.75
90 0.07 0.09
91 0.13 0.29
92 0.27 0.5
93 0.07 0.5
94 0.2 0.5
95 0.13 1.0
96 0.13 0.33
97 0.07 0.13
98 0.07 0.5
99 0.13 0.4
100 0.2 0.3
101 0.33 0.71
102 0.2 0.75
103 0.07 0.33
104 0.07 0.17
105 0.07 0.5
106 0.2 0.75
107 0.13 0.4
108 0.33 0.83
109 0.07 0.17
110 0.0 0.0
111 0.2 0.38
112 0.07 0.5
113 0.0 0.0
114 0.13 0.4
115 0.13 0.5
116 0.0 0.0
117 0.0 0.0
118 0.07 0.25
119 0.0 0.0
120 0.4 0.67
121 0.4 0.75
122 0.2 0.43
123 0.13 0.67
124 0.0 0.0
125 0.27 0.25
126 0.2 0.33
127 0.07 0.25
128 0.0 0.0
129 0.2 0.43
130 0.13 0.33
131 0.27 0.5
132 0.27 0.4
133 0.27 0.8
134 0.13 0.67
135 0.07 0.5
136 0.13 1.0
137 0.13 0.4
138 0.13 0.67
139 0.07 0.25
140 0.0 0.0
141 0.2 0.43
142 0.07 0.5
143 0.07 0.33
144 0.4 0.86
145 0.27 0.57
146 0.13 0.67
147 0.13 0.33
148 0.13 0.29
149 0.33 0.45
150 0.13 0.67
151 0.13 0.5
152 0.0 0.0
153 0.07 0.2
154 0.07 0.33
155 0.2 0.5
156 0.53 0.62
157 0.4 0.16
158 0.07 0.14
159 0.07 0.14
160 0.07 0.25
161 0.13 0.4
162 0.27 0.44
163 0.13 0.5
164 0.13 0.29
165 0.13 0.67
166 0.07 0.11
167 0.0 0.0
168 0.13 0.67
169 0.13 0.4
170 0.33 0.71
171 0.13 0.67
172 0.27 0.8
173 0.07 0.33
174 0.13 0.4
175 0.07 0.17
176 0.07 0.14
177 0.33 1.0
178 0.13 0.67
179 0.07 0.2
180 0.07 0.2
181 0.07 0.17
182 0.13 0.67
183 0.27 0.5
184 0.07 0.14
185 0.27 0.57
186 0.2 0.25
187 0.07 0.17
188 0.27 0.4
189 0.13 0.22
190 0.13 0.33
191 0.4 0.5
192 0.2 0.6
193 0.27 0.8
194 0.33 0.83
195 0.07 0.25
196 0.13 0.17
197 0.2 0.75
198 0.2 0.6
199 0.2 0.33
200 0.13 0.5
201 0.07 0.1
202 0.0 0.0
203 0.2 0.38
204 0.0 0.0
205 0.0 0.0
206 0.13 0.5
207 0.2 0.6
208 0.27 0.8
209 0.07 0.13
210 0.13 0.33
211 0.13 0.33
212 0.2 0.25
213 0.2 0.27
214 0.13 0.4
215 0.0 0.0
216 0.0 0.0
217 0.27 0.27
218 0.27 0.27
219 0.13 0.11
220 0.2 0.21
221 0.13 0.13
222 0.27 0.67
223 0.2 0.6
224 0.2 0.38
225 0.06666666666666667 0.05
Average Precission = 0.15
Average Recall = 0.38