1  13
1  486
1  184
1  746
1  875
1  792
1  1268
1  51
1  12
1  1144
1  141
1  747
1  1111
1  876
1  429
2  746
2  12
2  792
2  700
2  141
2  606
2  883
2  51
2  1246
2  833
2  875
2  810
2  876
2  724
2  429
3  399
3  144
3  181
3  485
3  542
3  5
3  584
3  582
3  518
3  119
3  981
3  752
3  586
3  90
3  1073
4  166
4  488
4  236
4  317
4  185
4  1296
4  410
4  1312
4  1252
4  167
4  966
4  1061
4  1105
4  1143
4  1286
5  103
5  540
5  1296
5  552
5  1272
5  650
5  329
5  746
5  813
5  1102
5  708
5  234
5  368
5  410
5  367
6  491
6  544
6  1273
6  386
6  385
6  997
6  1374
6  271
6  240
6  1074
6  497
6  558
6  950
6  406
6  802
7  492
7  57
7  248
7  48
7  56
7  469
7  354
7  58
7  973
7  907
7  1307
7  441
7  1381
7  1229
7  250
8  461
8  232
8  492
8  1311
8  48
8  556
8  923
8  441
8  469
8  1193
8  354
8  248
8  56
8  58
8  122
9  168
9  45
9  303
9  5
9  959
9  21
9  554
9  398
9  623
9  585
9  1264
9  584
9  98
9  437
9  270
10  302
10  1214
10  493
10  691
10  1274
10  1319
10  332
10  949
10  1286
10  621
10  583
10  405
10  1103
10  1312
10  1143
11  495
11  1327
11  654
11  1238
11  262
11  28
11  1252
11  304
11  810
11  27
11  322
11  369
11  264
11  320
11  731
12  624
12  245
12  1334
12  1222
12  1164
12  34
12  1165
12  939
12  543
12  632
12  1167
12  590
12  987
12  86
12  1223
13  496
13  313
13  199
13  643
13  1242
13  903
13  440
13  468
13  503
13  879
13  780
13  157
13  1290
13  404
13  797
14  64
14  170
14  291
14  256
14  569
14  65
14  1364
14  798
14  345
14  335
14  132
14  137
14  334
14  1203
14  1208
15  82
15  553
15  1098
15  463
15  405
15  1096
15  1340
15  108
15  302
15  949
15  183
15  364
15  586
15  596
15  461
16  106
16  498
16  410
16  1255
16  531
16  1112
16  802
16  992
16  1143
16  326
16  669
16  1393
16  56
16  154
16  528
17  106
17  1281
17  700
17  264
17  660
17  8
17  498
17  410
17  609
17  1224
17  527
17  404
17  1368
17  362
17  15
18  248
18  57
18  56
18  197
18  124
18  469
18  354
18  196
18  927
18  232
18  58
18  48
18  421
18  234
18  498
19  1379
19  1219
19  274
19  1217
19  1391
19  1346
19  110
19  1270
19  555
19  713
19  82
19  313
19  78
19  1242
19  534
20  500
20  268
20  88
20  87
20  270
20  450
20  877
20  550
20  295
20  104
20  912
20  190
20  614
20  267
20  1129
21  502
21  271
21  68
21  413
21  204
21  302
21  1303
21  792
21  552
21  1111
21  876
21  377
21  12
21  429
21  1250
22  140
22  125
22  413
22  1212
22  165
22  254
22  346
22  493
22  145
22  980
22  560
22  9
22  786
22  260
22  568
23  892
23  740
23  1287
23  718
23  33
23  902
23  28
23  1271
23  1169
23  184
23  698
23  1111
23  185
23  903
24  756
24  46
24  596
24  724
24  925
24  12
24  1317
24  893
24  884
24  883
24  51
24  1242
24  888
24  75
24  726
25  511
25  588
25  134
25  798
25  540
25  989
25  212
25  335
25  988
25  97
25  277
25  1364
25  231
25  121
25  256
26  611
26  306
26  1282
26  4
26  145
26  148
26  207
26  1182
26  307
26  1237
26  1365
26  180
26  1076
26  3
26  327
27  1176
27  838
27  888
27  1132
27  1178
27  1129
27  1133
27  833
27  1362
27  428
27  415
27  512
27  1124
27  744
27  677
28  1048
28  1362
28  415
28  28
28  1235
28  433
28  744
28  675
28  677
28  1329
28  204
28  445
28  384
28  470
28  251
29  420
29  465
29  222
29  612
29  901
29  601
29  514
29  250
29  200
29  1229
29  464
29  900
29  797
29  211
29  1343
30  633
30  601
30  513
30  147
30  465
30  466
30  902
30  901
30  1186
30  1197
30  602
30  230
30  229
30  680
30  600
31  751
31  698
31  920
31  1320
31  916
31  918
31  895
31  247
31  749
31  47
31  1235
31  433
31  228
31  812
31  404
32  752
32  467
32  1186
32  921
32  1044
32  898
32  1210
32  27
32  289
32  1119
32  160
32  877
32  230
32  1137
32  680
33  516
33  431
33  1004
33  1011
33  1010
33  1008
33  1007
33  1006
33  1003
33  1005
33  1009
33  594
33  252
33  505
33  1000
34  672
34  799
34  516
34  610
34  431
34  1153
34  594
34  598
34  311
34  520
34  795
34  1336
34  109
34  575
34  252
35  1327
35  654
35  1203
35  171
35  488
35  724
35  166
35  75
35  319
35  720
35  583
35  405
35  1342
35  1208
35  1314
36  387
36  319
36  135
36  1160
36  980
36  959
36  1213
36  281
36  66
36  623
36  1268
36  325
36  550
36  119
36  1300
37  232
37  461
37  186
37  179
37  176
37  519
37  188
37  409
37  370
37  173
37  242
37  189
37  282
37  1342
37  1311
38  976
38  154
38  536
38  1179
38  446
38  1205
38  35
38  1141
38  563
38  523
38  1196
38  670
38  666
38  1381
38  182
39  1149
39  337
39  406
39  1301
39  207
39  1278
39  504
39  460
39  645
39  1154
39  1143
39  40
39  562
39  1220
39  526
40  536
40  37
40  138
40  1368
40  1143
40  1152
40  1205
40  1184
40  171
40  6
40  589
40  289
40  609
40  207
40  41
41  289
41  433
41  1141
41  1196
41  927
41  288
41  154
41  432
41  1277
41  229
41  1340
41  29
41  95
41  446
41  191
42  521
42  526
42  439
42  468
42  440
42  467
42  797
42  121
42  496
42  211
42  313
42  916
42  404
42  903
42  469
43  467
43  122
43  1194
43  916
43  194
43  521
43  39
43  468
43  369
43  469
43  903
43  404
43  1210
43  346
43  788
44  103
44  20
44  1174
44  703
44  849
44  821
44  99
44  223
44  1271
44  752
44  27
44  921
44  1044
44  583
44  1119
45  305
45  525
45  123
45  623
45  84
45  1299
45  344
45  573
45  1185
45  540
45  37
45  480
45  394
45  338
45  26
46  525
46  305
46  623
46  37
46  1185
46  270
46  303
46  1204
46  123
46  344
46  584
46  1394
46  84
46  1159
46  352
47  525
47  310
47  1200
47  304
47  568
47  305
47  308
47  9
47  327
47  663
47  180
47  63
47  389
47  260
47  361
48  440
48  526
48  797
48  683
48  439
48  521
48  222
48  334
48  796
48  26
48  191
48  1198
48  655
48  901
48  1228
49  476
49  322
49  321
49  320
49  527
49  731
49  349
49  981
49  479
49  366
49  648
49  854
49  111
49  832
49  365
50  1301
50  192
50  494
50  1259
50  332
50  326
50  629
50  992
50  1274
50  1319
50  922
50  528
50  27
50  927
50  259
51  494
51  94
51  1301
51  192
51  326
51  1259
51  922
51  106
51  259
51  562
51  133
51  25
51  528
51  261
51  27
52  1215
52  211
52  342
52  1142
52  1324
52  306
52  1204
52  440
52  8
52  94
52  187
52  43
52  293
52  7
52  562
53  208
53  1253
53  1236
53  531
53  61
53  298
53  1255
53  267
53  1139
53  269
53  448
53  1282
53  407
53  524
53  270
54  123
54  84
54  623
54  1185
54  338
54  344
54  305
54  525
54  480
54  651
54  555
54  481
54  1213
54  554
54  1192
55  460
55  1301
55  1149
55  504
55  406
55  1109
55  261
55  1185
55  645
55  629
55  562
55  1154
55  376
55  254
55  1383
56  753
56  783
56  441
56  871
56  685
56  1289
56  749
56  530
56  1339
56  708
56  677
56  204
56  380
56  658
56  1246
57  1181
57  753
57  380
57  375
57  278
57  495
57  871
57  896
57  810
57  1078
57  1369
57  1221
57  112
57  660
57  1114
58  754
58  785
58  1159
58  120
58  801
58  788
58  270
58  509
58  873
58  1359
58  1084
58  934
58  1362
58  789
58  408
59  785
59  801
59  657
59  1055
59  266
59  458
59  842
59  1176
59  1084
59  1054
59  541
59  1330
59  105
59  1309
59  788
60  322
60  321
60  320
60  527
60  476
60  1224
60  1311
60  1073
60  585
60  676
60  150
60  1240
60  731
60  1209
60  142
61  539
61  566
61  564
61  1258
61  283
61  499
61  1191
61  1192
61  565
61  784
61  789
61  23
61  635
61  483
61  522
62  483
62  1384
62  1081
62  1258
62  381
62  533
62  105
62  116
62  36
62  1268
62  382
62  553
62  565
62  1381
62  784
63  204
63  89
63  839
63  678
63  1051
63  971
63  1308
63  420
63  287
63  748
63  1084
63  659
63  415
63  1133
63  866
64  239
64  415
64  357
64  1204
64  1310
64  1104
64  369
64  904
64  1234
64  707
64  1114
64  1252
64  914
64  674
64  1201
65  388
65  3
65  180
65  664
65  393
65  1370
65  4
65  306
65  2
65  389
65  1366
65  1282
65  327
65  1237
65  62
66  128
66  576
66  394
66  389
66  590
66  4
66  664
66  310
66  659
66  1250
66  116
66  1282
66  59
66  2
66  453
67  180
67  3
67  664
67  393
67  4
67  388
67  2
67  306
67  1282
67  389
67  1370
67  207
67  327
67  611
67  1237
68  628
68  370
68  662
68  661
68  344
68  1200
68  1191
68  81
68  878
68  565
68  1263
68  1215
68  1240
68  560
68  535
69  570
69  977
69  1138
69  59
69  4
69  105
69  1193
69  1240
69  459
69  150
69  538
69  155
69  565
69  300
69  527
70  349
70  570
70  977
70  4
70  327
70  1240
70  150
70  459
70  155
70  300
70  62
70  538
70  376
70  1311
70  565
71  540
71  305
71  573
71  323
71  63
71  1299
71  310
71  537
71  1364
71  1200
71  192
71  525
71  256
71  1253
71  569
72  244
72  1080
72  413
72  53
72  1191
72  564
72  666
72  285
72  1082
72  740
72  1078
72  630
72  668
72  667
72  238
73  541
73  332
73  577
73  573
73  25
73  1296
73  103
73  101
73  401
73  1252
73  63
73  1215
73  160
73  410
73  486
74  1153
74  876
74  576
74  280
74  608
74  68
74  1098
74  695
74  904
74  355
74  1161
74  714
74  636
74  1142
74  431
75  324
75  303
75  437
75  559
75  323
75  1393
75  1161
75  24
75  524
75  1395
75  438
75  668
75  353
75  1394
75  394
76  667
76  670
76  666
76  668
76  1082
76  1367
76  803
76  1299
76  307
76  1395
76  1143
76  1081
76  1157
76  5
76  572
77  667
77  668
77  670
77  1264
77  343
77  345
77  1395
77  40
77  170
77  1191
77  979
77  335
77  358
77  666
77  1299
78  590
78  543
78  589
78  591
78  216
78  237
78  588
78  740
78  138
78  214
78  18
78  772
78  1102
78  935
78  592
79  205
79  740
79  748
79  1378
79  1066
79  544
79  1342
79  1104
79  662
79  199
79  285
79  593
79  567
79  755
79  1384
80  790
80  1335
80  917
80  748
80  599
80  1345
80  947
80  814
80  251
80  1317
80  1336
80  1066
80  981
80  999
80  765
81  631
81  799
81  714
81  755
81  598
81  594
81  1354
81  109
81  575
81  1336
81  264
81  672
81  1153
81  795
81  1353
82  677
82  1334
82  1332
82  676
82  637
82  632
82  705
82  1339
82  678
82  924
82  247
82  204
82  250
82  415
82  1343
83  898
83  633
83  224
83  680
83  19
83  1230
83  1330
83  428
83  97
83  753
83  706
83  871
83  512
83  1179
83  936
84  294
84  398
84  283
84  522
84  1281
84  435
84  101
84  1386
84  98
84  923
84  550
84  861
84  559
84  387
84  159
85  96
85  418
85  1155
85  109
85  311
85  315
85  516
85  431
85  358
85  294
85  526
85  594
85  598
85  207
85  809
86  755
86  790
86  594
86  280
86  608
86  876
86  252
86  600
86  599
86  904
86  1155
86  1272
86  814
86  714
86  880
87  26
87  572
87  334
87  1228
87  569
87  610
87  1198
87  797
87  439
87  655
87  134
87  71
87  526
87  72
87  211
88  548
88  616
88  622
88  613
88  614
88  617
88  615
88  618
88  1150
88  620
88  619
88  983
88  1166
88  1291
88  958
89  793
89  797
89  226
89  1341
89  757
89  1338
89  1290
89  924
89  796
89  561
89  711
89  683
89  801
89  794
89  252
90  1187
90  416
90  358
90  293
90  1216
90  265
90  1383
90  209
90  457
90  170
90  71
90  1311
90  1264
90  291
90  504
91  799
91  800
91  252
91  672
91  610
91  315
91  879
91  520
91  923
91  924
91  496
91  1093
91  916
91  1341
91  139
92  758
92  804
92  811
92  809
92  834
92  1247
92  683
92  1124
92  985
92  808
92  1219
92  806
92  1243
92  684
92  1135
93  635
93  691
93  68
93  1150
93  355
93  1230
93  552
93  1159
93  958
93  1336
93  1161
93  986
93  1385
93  614
93  302
94  1393
94  559
94  35
94  1161
94  437
94  438
94  1099
94  24
94  1394
94  303
94  524
94  668
94  84
94  1395
94  283
95  370
95  662
95  1191
95  283
95  635
95  240
95  1258
95  689
95  628
95  36
95  1384
95  554
95  560
95  959
95  655
96  637
96  705
96  698
96  1334
96  1332
96  699
96  632
96  1339
96  250
96  247
96  704
96  677
96  465
96  682
96  700
97  440
97  779
97  356
97  725
97  790
97  114
97  1260
97  1006
97  1289
97  807
97  805
97  286
97  1010
97  1011
97  1008
98  673
98  638
98  222
98  189
98  1095
98  712
98  288
98  315
98  747
98  1084
98  797
98  139
98  1393
98  176
98  1320
99  719
99  715
99  32
99  639
99  499
99  716
99  958
99  944
99  1141
99  1345
99  717
99  740
99  1369
99  1333
99  153
100  1122
100  822
100  739
100  741
100  1171
100  760
100  885
100  932
100  953
100  740
100  763
100  928
100  1051
100  1068
100  1126
101  1119
101  817
101  1067
101  1120
101  820
101  819
101  825
101  818
101  1392
101  823
101  1122
101  821
101  451
101  835
101  921
102  913
102  910
102  1001
102  729
102  516
102  313
102  1007
102  1092
102  1242
102  728
102  720
102  119
102  1006
102  1331
102  834
103  761
103  1127
103  1050
103  1048
103  440
103  1049
103  770
103  826
103  720
103  1128
103  771
103  1369
103  669
103  1196
103  1069
104  762
104  744
104  241
104  1333
104  1316
104  818
104  821
104  824
104  825
104  837
104  1098
104  1294
104  644
104  1230
104  760
105  764
105  848
105  847
105  953
105  846
105  929
105  1126
105  1123
105  763
105  821
105  117
105  1129
105  740
105  891
105  852
106  878
106  847
106  344
106  908
106  100
106  846
106  42
106  764
106  594
106  374
106  598
106  929
106  141
106  1138
106  1123
107  725
107  911
107  640
107  909
107  497
107  1165
107  209
107  1279
107  997
107  195
107  810
107  883
107  202
107  52
107  870
108  726
108  75
108  720
108  866
108  640
108  883
108  727
108  724
108  723
108  729
108  881
108  1117
108  884
108  909
108  762
109  51
109  142
109  1361
109  982
109  877
109  606
109  1104
109  29
109  711
109  627
109  715
109  31
109  546
109  709
109  391
110  1126
110  1020
110  744
110  424
110  820
110  1023
110  1017
110  644
110  1013
110  957
110  1034
110  1026
110  1117
110  642
110  412
111  894
111  658
111  390
111  15
111  856
111  857
111  634
111  948
111  749
111  1337
111  627
111  202
111  442
111  285
111  766
112  641
112  730
112  731
112  422
112  734
112  648
112  854
112  425
112  733
112  855
112  735
112  736
112  955
112  740
112  264
113  748
113  1328
113  205
113  685
113  1272
113  1104
113  701
113  1333
113  704
113  312
113  272
113  755
113  1112
113  441
113  1342
114  895
114  918
114  609
114  1290
114  783
114  919
114  780
114  757
114  794
114  916
114  1338
114  924
114  634
114  164
114  315
115  13
115  1002
115  878
115  902
115  1199
115  184
115  1155
115  540
115  875
115  486
115  746
115  57
115  66
115  349
115  1274
116  605
116  1351
116  522
116  1231
116  759
116  123
116  1303
116  48
116  1110
116  1308
116  1378
116  1292
116  370
116  359
116  1192
117  1032
117  927
117  1075
117  999
117  1092
117  1285
117  1115
117  434
117  952
117  229
117  440
117  1207
117  1077
117  432
117  967
118  923
118  230
118  229
118  924
118  803
118  246
118  545
118  1075
118  1074
118  1062
118  600
118  1243
118  1345
118  1239
118  1352
119  744
119  926
119  1068
119  1056
119  1048
119  1122
119  765
119  1145
119  1055
119  1129
119  928
119  1131
119  953
119  130
119  277
120  769
120  887
120  886
120  890
120  763
120  891
120  897
120  1146
120  739
120  741
120  926
120  1173
120  885
120  760
120  743
121  887
121  769
121  1146
121  890
121  31
121  891
121  886
121  837
121  1126
121  1056
121  580
121  75
121  888
121  1127
121  820
122  898
122  931
122  1070
122  934
122  957
122  1287
122  1118
122  937
122  1119
122  600
122  930
122  897
122  78
122  938
122  1117
123  740
123  394
123  676
123  941
123  1222
123  34
123  389
123  1076
123  967
123  537
123  624
123  939
123  309
123  227
123  1078
124  941
124  171
124  898
124  185
124  902
124  931
124  600
124  1287
124  1395
124  109
124  625
124  1155
124  160
124  631
124  55
125  1074
125  993
125  1075
125  1093
125  772
125  1062
125  176
125  519
125  923
125  610
125  992
125  243
125  911
125  173
125  997
126  974
126  1288
126  1326
126  397
126  1265
126  773
126  368
126  451
126  969
126  337
126  1237
126  942
126  366
126  308
126  355
127  981
127  5
127  585
127  637
127  467
127  111
127  6
127  1100
127  399
127  1317
127  1207
127  303
127  485
127  479
127  164
128  945
128  1063
128  92
128  1246
128  111
128  606
128  746
128  429
128  876
128  12
128  792
128  1111
128  1250
128  367
128  141
129  989
129  988
129  945
129  660
129  933
129  987
129  476
129  527
129  4
129  1281
129  376
129  1184
129  1368
129  314
129  255
130  948
130  859
130  982
130  51
130  727
130  729
130  546
130  627
130  419
130  285
130  864
130  391
130  728
130  914
130  766
131  950
131  1021
131  1022
131  1023
131  1025
131  1017
131  1019
131  1028
131  1034
131  1125
131  1029
131  1026
131  1030
131  1027
131  1020
132  950
132  1021
132  1017
132  997
132  1026
132  1020
132  1023
132  1029
132  1028
132  1027
132  1024
132  1030
132  1018
132  1022
132  1031
133  950
133  1026
133  1020
133  1023
133  1028
133  1017
133  1029
133  1021
133  1027
133  997
133  1024
133  1030
133  1018
133  1022
133  1019
134  1012
134  951
134  1028
134  1020
134  1017
134  1021
134  1023
134  1015
134  1031
134  1026
134  1018
134  1013
134  1029
134  1014
134  1024
135  1026
135  1020
135  1029
135  1017
135  1023
135  1021
135  1024
135  1019
135  1028
135  1030
135  1031
135  950
135  1018
135  1027
135  1022
136  1033
136  831
136  951
136  1125
136  1145
136  761
136  1021
136  829
136  1131
136  1031
136  1034
136  1020
136  891
136  1025
136  550
137  952
137  1032
137  740
137  1023
137  1026
137  1034
137  1125
137  1021
137  1017
137  1129
137  1123
137  1025
137  1171
137  847
137  852
138  740
138  846
138  953
138  841
138  769
138  885
138  763
138  1172
138  935
138  897
138  870
138  1171
138  828
138  847
138  42
139  846
139  740
139  763
139  953
139  887
139  1171
139  841
139  1068
139  1172
139  769
139  934
139  897
139  926
139  765
139  42
140  954
140  497
140  1045
140  1046
140  870
140  1047
140  720
140  828
140  834
140  640
140  862
140  909
140  92
140  1012
140  729
141  1135
141  828
141  819
141  160
141  885
141  935
141  1100
141  1041
141  735
141  1038
141  164
141  1043
141  1134
141  1137
141  870
142  1175
142  885
142  740
142  935
142  1125
142  1068
142  765
142  1219
142  828
142  890
142  870
142  846
142  173
142  1129
142  852
143  954
143  828
143  930
143  1360
143  885
143  1045
143  1135
143  935
143  1174
143  1046
143  1047
143  1041
143  1043
143  1132
143  1116
144  1045
144  1046
144  839
144  1047
144  1178
144  955
144  1121
144  838
144  763
144  1051
144  1340
144  1176
144  928
144  841
144  194
145  1045
145  1046
145  1047
145  1048
145  928
145  838
145  839
145  454
145  1051
145  826
145  1176
145  827
145  1178
145  954
145  763
146  955
146  1045
146  840
146  1046
146  1047
146  641
146  928
146  838
146  839
146  1176
146  730
146  609
146  1178
146  954
146  1143
147  956
147  1050
147  1049
147  1128
147  1358
147  1392
147  1145
147  391
147  1069
147  1397
147  1400
147  852
147  1396
147  422
147  1172
148  1048
148  1050
148  826
148  1127
148  761
148  928
148  1069
148  1146
148  956
148  822
148  1174
148  1121
148  951
148  1122
148  823
149  930
149  931
149  1070
149  926
149  937
149  740
149  957
149  742
149  741
149  898
149  954
149  936
149  1131
149  1135
149  1360
150  1062
150  1074
150  1075
150  923
150  1108
150  1202
150  1243
150  230
150  1259
150  593
150  687
150  629
150  231
150  1239
150  571
151  924
151  783
151  1261
151  917
151  677
151  1185
151  1262
151  225
151  676
151  289
151  432
151  1074
151  497
151  370
151  1062
152  671
152  307
152  1225
152  94
152  42
152  1107
152  1384
152  342
152  1381
152  1324
152  288
152  43
152  333
152  76
152  293
153  1063
153  1085
153  1081
153  228
153  1088
153  1082
153  1079
153  551
153  349
153  300
153  850
153  853
153  931
153  977
153  150
154  1088
154  1054
154  1087
154  1362
154  1262
154  1055
154  1382
154  1294
154  1079
154  1086
154  833
154  111
154  551
154  684
154  470
155  76
155  1065
155  1101
155  1097
155  1100
155  804
155  1099
155  587
155  553
155  1345
155  1287
155  120
155  1348
155  1226
155  982
156  1096
156  553
156  1097
156  82
156  1098
156  818
156  1100
156  1099
156  1065
156  1101
156  587
156  892
156  1111
156  184
156  718
157  456
157  25
157  1214
157  1377
157  994
157  294
157  556
157  369
157  498
157  976
157  318
157  1281
157  101
157  946
157  557
158  302
158  552
158  949
158  691
158  1314
158  1303
158  571
158  193
158  767
158  405
158  549
158  572
158  108
158  865
158  413
159  1066
159  1112
159  1197
159  42
159  432
159  1259
159  326
159  528
159  1321
159  192
159  106
159  708
159  908
159  494
159  1363
160  891
160  1071
160  740
160  885
160  1041
160  769
160  1126
160  763
160  764
160  852
160  1129
160  926
160  935
160  1175
160  739
161  1185
161  54
161  1192
161  1386
161  460
161  1261
161  364
161  50
161  784
161  55
161  1366
161  62
161  539
161  1109
161  754
162  460
162  55
162  62
162  54
162  562
162  1185
162  461
162  1366
162  489
162  784
162  1386
162  1228
162  1109
162  754
162  260
163  492
163  56
163  57
163  48
163  37
163  1311
163  232
163  540
163  359
163  327
163  469
163  354
163  248
163  441
163  973
164  1187
164  416
164  358
164  311
164  1216
164  1383
164  209
164  457
164  265
164  170
164  71
164  1311
164  291
164  345
164  504
165  504
165  978
165  72
165  1268
165  209
165  49
165  348
165  1203
165  16
165  569
165  376
165  1311
165  1187
165  364
165  334
166  504
166  72
166  73
166  209
166  569
166  256
166  55
166  16
166  1203
166  348
166  334
166  1187
166  170
166  376
166  1311
167  1098
167  1279
167  1185
167  677
167  305
167  1379
167  12
167  395
167  1241
167  746
167  606
167  525
167  556
167  141
167  52
168  118
168  217
168  656
168  575
168  750
168  136
168  341
168  942
168  157
168  172
168  1230
168  1354
168  570
168  1353
168  467
169  118
169  217
169  249
169  136
169  656
169  575
169  990
169  341
169  1230
169  172
169  942
169  1353
169  750
169  157
169  985
170  238
170  139
170  905
170  893
170  1082
170  904
170  239
170  1191
170  140
170  1080
170  666
170  175
170  906
170  53
170  670
171  431
171  516
171  1004
171  1006
171  1011
171  1003
171  1010
171  1008
171  1007
171  1005
171  1009
171  594
171  252
171  505
171  1000
172  322
172  321
172  320
172  476
172  527
172  731
172  478
172  155
172  981
172  1182
172  264
172  459
172  366
172  369
172  349
173  1073
173  1086
173  931
173  1087
173  532
173  851
173  1362
173  1294
173  1388
173  91
173  833
173  90
173  1054
173  843
173  470
174  483
174  533
174  501
174  411
174  1140
174  866
174  1157
174  1390
174  883
174  96
174  178
174  1156
174  205
174  490
174  441
175  1080
175  1191
175  666
175  238
175  941
175  1082
175  1256
175  53
175  1078
175  668
175  667
175  670
175  1221
175  776
175  413
176  542
176  185
176  181
176  160
176  981
176  963
176  1073
176  869
176  586
176  164
176  518
176  159
176  399
176  570
176  390
177  590
177  543
177  216
177  237
177  588
177  214
177  138
177  1102
177  589
177  772
177  591
177  426
177  18
177  592
177  1354
178  591
178  740
178  216
178  590
178  543
178  237
178  214
178  138
178  18
178  772
178  588
178  589
178  1318
178  1316
178  523
179  633
179  224
179  677
179  680
179  930
179  278
179  194
179  19
179  428
179  703
179  455
179  468
179  1174
179  753
179  227
180  548
180  616
180  622
180  617
180  882
180  218
180  613
180  719
180  1103
180  710
180  184
180  315
180  85
180  716
180  614
181  1074
181  1075
181  993
181  1093
181  1062
181  1151
181  519
181  243
181  221
181  610
181  1374
181  997
181  657
181  923
181  176
182  634
182  685
182  572
182  440
182  1300
182  655
182  285
182  856
182  503
182  686
182  1290
182  712
182  794
182  593
182  900
183  804
183  809
183  758
183  808
183  1243
183  893
183  811
183  1177
183  1247
183  925
183  39
183  1332
183  1128
183  740
183  1045
184  1379
184  1217
184  1219
184  274
184  1391
184  555
184  1346
184  639
184  713
184  254
184  717
184  82
184  509
184  164
184  1347
185  856
185  390
185  857
185  658
185  15
185  997
185  948
185  894
185  878
185  858
185  766
185  52
185  627
185  75
185  864
186  1062
186  1074
186  923
186  1075
186  610
186  520
186  230
186  1243
186  1239
186  672
186  252
186  803
186  229
186  1093
186  434
187  763
187  841
187  846
187  839
187  926
187  1071
187  1051
187  1068
187  1171
187  1173
187  769
187  831
187  739
187  765
187  740
188  725
188  722
188  640
188  740
188  497
188  909
188  1279
188  997
188  911
188  220
188  544
188  1074
188  114
188  720
188  950
189  767
189  640
189  868
189  865
189  1177
189  881
189  1185
189  924
189  1262
189  1261
189  783
189  367
189  768
189  726
189  1166
190  390
190  15
190  42
190  856
190  627
190  658
190  948
190  1339
190  1066
190  894
190  818
190  530
190  593
190  752
190  686
191  1392
191  658
191  15
191  390
191  856
191  894
191  265
191  660
191  857
191  948
191  908
191  75
191  319
191  720
191  724
192  641
192  735
192  734
192  647
192  777
192  1135
192  551
192  642
192  1202
192  215
192  1212
192  819
192  950
192  875
192  648
193  641
193  730
193  1088
193  734
193  551
193  422
193  425
193  1392
193  733
193  703
193  735
193  648
193  886
193  159
193  451
194  642
194  932
194  744
194  740
194  888
194  739
194  760
194  741
194  1122
194  822
194  928
194  742
194  1126
194  823
194  1016
195  642
195  1055
195  744
195  1054
195  932
195  1122
195  130
195  1293
195  928
195  822
195  1294
195  739
195  515
195  1362
195  1051
196  875
196  142
196  1177
196  184
196  811
196  57
196  486
196  1273
196  746
196  1227
196  1274
196  1319
196  1367
196  685
196  252
197  881
197  884
197  723
197  768
197  726
197  945
197  50
197  1318
197  869
197  640
197  883
197  867
197  261
197  866
197  1168
198  763
198  897
198  886
198  743
198  769
198  890
198  739
198  440
198  760
198  741
198  1173
198  887
198  885
198  889
198  935
199  1294
199  130
199  1055
199  185
199  1054
199  740
199  930
199  744
199  515
199  1362
199  852
199  833
199  1059
199  514
199  931
200  159
200  1134
200  1071
200  885
200  935
200  579
200  461
200  451
200  923
200  395
200  551
200  1386
200  758
200  828
200  1088
201  625
201  1391
201  1379
201  1217
201  1219
201  274
201  1299
201  410
201  578
201  1297
201  1296
201  944
201  1252
201  555
201  1245
202  1285
202  1378
202  923
202  225
202  814
202  574
202  626
202  925
202  63
202  836
202  927
202  1310
202  196
202  57
202  820
203  923
203  676
203  482
203  677
203  370
203  29
203  19
203  1285
203  1386
203  652
203  907
203  1206
203  1216
203  1342
203  58
204  57
204  1184
204  139
204  496
204  38
204  1378
204  128
204  196
204  443
204  250
204  573
204  971
204  1261
204  1227
204  574
205  1287
205  133
205  49
205  1254
205  1324
205  1182
205  1235
205  79
205  459
205  1278
205  1365
205  345
205  1385
205  73
205  375
206  1290
206  205
206  879
206  441
206  1338
206  252
206  204
206  315
206  1341
206  799
206  866
206  598
206  795
206  468
206  121
207  749
207  859
207  1341
207  698
207  918
207  1290
207  920
207  643
207  1338
207  895
207  14
207  766
207  1064
207  623
207  919
208  1291
208  1344
208  1345
208  1217
208  1219
208  1348
208  1379
208  982
208  163
208  274
208  1342
208  1391
208  1346
208  275
208  1204
209  1278
209  959
209  458
209  450
209  187
209  89
209  455
209  45
209  53
209  651
209  563
209  358
209  16
209  547
209  240
210  1172
210  1171
210  1125
210  831
210  887
210  938
210  1132
210  394
210  642
210  739
210  1068
210  897
210  889
210  1145
210  763
211  739
211  1068
211  763
211  1071
211  831
211  1173
211  885
211  741
211  765
211  1125
211  926
211  846
211  1117
211  897
211  852
212  1178
212  838
212  1176
212  888
212  1146
212  870
212  1121
212  1050
212  1116
212  823
212  1133
212  1177
212  1293
212  1070
212  1045
213  885
213  888
213  887
213  769
213  642
213  891
213  741
213  105
213  400
213  1126
213  932
213  23
213  1400
213  1122
213  1131
214  1294
214  1362
214  130
214  833
214  852
214  1055
214  1054
214  744
214  92
214  515
214  1041
214  828
214  781
214  777
214  1042
215  535
215  1253
215  1205
215  357
215  1391
215  985
215  411
215  328
215  770
215  68
215  771
215  1183
215  1198
215  669
215  1213
216  370
216  352
216  117
216  1304
216  675
216  1064
216  893
216  49
216  1002
216  1235
216  175
216  764
216  907
216  525
216  39
217  666
217  670
217  946
217  1393
217  324
217  394
217  65
217  1151
217  559
217  303
217  283
217  1395
217  1264
217  35
217  101
218  666
218  670
218  1393
218  559
218  283
218  101
218  35
218  294
218  1151
218  1281
218  522
218  354
218  93
218  1179
218  323
219  149
219  361
219  1367
219  992
219  1392
219  668
219  1081
219  667
219  470
219  993
219  1082
219  1221
219  456
219  197
219  1356
220  1365
220  458
220  382
220  4
220  1192
220  784
220  23
220  1182
220  375
220  105
220  1384
220  457
220  789
220  54
220  1242
221  1366
221  1386
221  54
221  388
221  122
221  787
221  62
221  352
221  266
221  1227
221  55
221  528
221  458
221  369
221  4
222  1399
222  400
222  1400
222  1130
222  419
222  1396
222  1070
222  1120
222  888
222  1050
222  1398
222  1178
222  1055
222  1358
222  1357
223  400
223  1399
223  1398
223  1400
223  1396
223  419
223  1387
223  863
223  388
223  940
223  659
223  398
223  1358
223  1357
223  418
224  1286
224  236
224  1312
224  401
224  317
224  1296
224  1299
224  541
224  1298
224  656
224  170
224  537
224  1317
224  1157
224  310
225  1188
225  1218
225  1380
225  1291
225  1000
225  1344
225  1256
225  1124
225  893
225  431
225  701
225  367
225  314
225  999
225  1343
